# DESCRIPTION: Verilator output: Timestamp data for --skip-identical.  Delete at will.
C "-Wall --trace --public --x-assign unique --x-initial unique -cc top.v --exe tb_top.cpp"
S  26368056 2533274790785832  1708699162   205516400  1708699162   205516400 "/usr/local/bin/verilator_bin"
S      4942 1688849860653929  1708699165   306301800  1708699165   306301800 "/usr/local/share/verilator/include/verilated_std.sv"
S      1902 12384898975565267  1715422109   151371600  1715422109   151371600 "ALU.v"
S      2073 6755399441371396  1715585415   258026400  1713867768           0 "ALUControlUnit.v"
S      1977 8725724278347425  1715585415   410680400  1715496412   949180400 "ControlUnit.v"
S      1333 7036874418089623  1715585415   555525100  1715493058   279907200 "DataMemory.v"
S      1297 7881299348196845  1715585415   987600400  1715495486   330382200 "Hazard.v"
S       357 40250921669779215  1715585416    70431100  1713866792           0 "Imm_mux.v"
S      1023 7599824371498833  1715585416   171382600  1713868438           0 "ImmediateGenerator.v"
S      1276 5910974511186602  1715682921   349280500  1715682921   349280500 "InstMemory.v"
S       539 6473924464662897  1715421116   747514600  1715415390           0 "PC.v"
S      1168 4503599627814601  1715421116   747514600  1714049632           0 "RegisterFile.v"
S       644 4785074604400388  1715585415   353154900  1715422364   117027600 "branch_bubble_unit.v"
S     11868 7881299348194766  1715585415   482986800  1715422381   164751200 "cpu.v"
S       214 7318349394787838  1715585415   629230700  1714139470           0 "eq_mux.v"
S       498 6755399441372211  1715585415   703696700  1714136540           0 "forward_a_mux.v"
S       510 7036874418133870  1715585415   775586800  1714136544           0 "forward_b_mux.v"
S       996 13792273859242164  1715585415   844307600  1714110470           0 "forward_unit.v"
S       423 9288674231770896  1715585415   910166500  1713868400           0 "halt.v"
S       578 8444249301704218  1715585416   319005500  1715422433   349076800 "mem_src_mux.v"
T      4811 32369622321777823  1715682928   780204400  1715682928   780204400 "obj_dir/Vtop.cpp"
T      3313 75435293758479940  1715682928   780204400  1715682928   780204400 "obj_dir/Vtop.h"
T      1818 32932572275306301  1715682928   827308700  1715682928   827308700 "obj_dir/Vtop.mk"
T     15728 62487444829789014  1715682928   780204400  1715682928   780204400 "obj_dir/Vtop__ConstPool_0.cpp"
T       799 41658296553194944  1715682928   780204400  1715682928   780204400 "obj_dir/Vtop__Syms.cpp"
T      1092 21673573206743008  1715682928   780204400  1715682928   780204400 "obj_dir/Vtop__Syms.h"
T       290 32088147345171946  1715682928   800661800  1715682928   800661800 "obj_dir/Vtop__TraceDecls__0__Slow.cpp"
T     29365 43910096367019512  1715682928   811670300  1715682928   811670300 "obj_dir/Vtop__Trace__0.cpp"
T     66086 23925373020562841  1715682928   800661800  1715682928   800661800 "obj_dir/Vtop__Trace__0__Slow.cpp"
T     14002 11258999068499281  1715682928   780204400  1715682928   780204400 "obj_dir/Vtop___024root.h"
T      1887 23925373020562476  1715682928   800661800  1715682928   800661800 "obj_dir/Vtop___024root__DepSet_h84412442__0.cpp"
T       845 47287796087471124  1715682928   796381700  1715682928   796381700 "obj_dir/Vtop___024root__DepSet_h84412442__0__Slow.cpp"
T     75376 27584547717801358  1715682928   800661800  1715682928   800661800 "obj_dir/Vtop___024root__DepSet_heccd7ead__0.cpp"
T     73279 28428972647932805  1715682928   800661800  1715682928   800661800 "obj_dir/Vtop___024root__DepSet_heccd7ead__0__Slow.cpp"
T       830 39406496739565143  1715682928   795736900  1715682928   795736900 "obj_dir/Vtop___024root__Slow.cpp"
T       684 21673573206791558  1715682928   780204400  1715682928   780204400 "obj_dir/Vtop__pch.h"
T       925 9570149208321952  1715682928   827308700  1715682928   827308700 "obj_dir/Vtop__ver.d"
T         0        0  1715682928   827308700  1715682928   827308700 "obj_dir/Vtop__verFiles.dat"
T      1732 22799473113721872  1715682928   811670300  1715682928   811670300 "obj_dir/Vtop_classes.mk"
S      1420 7599824371619235  1715585416   389860000  1713867766           0 "opcodes.v"
S       194 5348024557821688  1715492975   894204700  1715492975   894204700 "pc_imm_alu.v"
S       414 3659174697548935  1715421838   369122600  1715421838   369122600 "pc_mux.v"
S       297 6192449487886924  1715421116   763309600  1712988830           0 "top.v"
